Время работы алгоритма по формированию последовательности: 0(мкС)
-99.125
-98.126
-97.126
-96.127
-95.127
-94.128
-93.129
-92.129
-91.130
-90.131
-89.131
-88.132
-87.132
-86.133
-85.134
-84.134
-83.135
-82.136
-81.136
-80.137
-79.138
-78.138
-77.139
-76.139
-75.140
-74.141
-73.141
-72.142
-71.142
-70.143
-69.144
-68.144
-67.145
-66.146
-65.146
-64.147
-63.148
-62.148
-61.149
-60.149
-59.150
-58.151
-57.151
-56.152
-55.152
-54.153
-53.154
-52.154
-51.155
-50.156
-49.156
-48.157
-47.157
-46.158
-45.159
-44.159
-43.160
-42.161
-41.161
-40.162
-39.163
-38.163
-37.164
-36.164
-35.165
-34.166
-33.166
-32.167
-31.168
-30.168
-29.169
-28.169
-27.170
-26.171
-25.171
-24.172
-23.172
-22.173
-21.174
-20.174
-19.175
-18.176
-17.176
-16.177
-15.177
-14.178
-13.179
-12.179
-11.180
-10.181
-9.181
-8.182
-7.183
-6.183
-5.184
-4.184
-3.185
-2.186
-1.186
-0.187
0.812
1.812
2.811
3.811
4.810
5.809
6.809
7.808
8.808
9.807
10.806
11.806
12.805
13.804
14.804
15.803
16.802
17.802
18.801
19.801
20.800
21.799
22.799
23.798
24.797
25.797
26.796
27.796
28.795
29.794
30.794
31.793
32.792
33.792
34.791
35.791
36.790
37.789
38.789
39.788
40.787
41.787
42.786
43.786
44.785
45.784
46.784
47.783
48.782
49.782
50.781
51.781
52.780
53.779
54.779
55.778
56.778
57.777
58.776
59.776
60.775
61.774
62.774
63.773
64.773
65.772
66.771
67.771
68.770
69.769
70.769
71.768
72.768
73.767
74.766
75.766
76.765
77.764
78.764
79.763
80.762
81.762
82.761
83.761
84.760
85.759
86.759
87.758
88.757
89.757
90.756
91.756
92.755
93.754
94.754
95.753
96.752
97.752
98.751
99.751

