999.875
997.875
995.875
993.875
991.875
989.876
987.876
985.876
983.876
981.876
979.876
977.876
975.876
973.877
971.877
969.877
967.877
965.877
963.877
961.877
959.878
957.878
955.878
953.878
951.878
949.878
947.878
945.878
943.879
941.879
939.879
937.879
935.879
933.879
931.879
929.879
927.880
925.880
923.880
921.880
919.880
917.880
915.880
913.880
911.880
909.881
907.881
905.881
903.881
901.881
899.881
897.881
895.881
893.882
891.882
889.882
887.882
885.882
883.882
881.882
879.882
877.883
875.883
873.883
871.883
869.883
867.883
865.883
863.884
861.884
859.884
857.884
855.884
853.884
851.884
849.884
847.885
845.885
843.885
841.885
839.885
837.885
835.885
833.885
831.885
829.886
827.886
825.886
823.886
821.886
819.886
817.886
815.886
813.887
811.887
809.887
807.887
805.887
803.887
801.887
799.888
797.888
795.888
793.888
791.888
789.888
787.888
785.888
783.889
781.889
779.889
777.889
775.889
773.889
771.889
769.889
767.889
765.890
763.890
761.890
759.890
757.890
755.890
753.890
751.890
749.891
747.891
745.891
743.891
741.891
739.891
737.891
735.891
733.892
731.892
729.892
727.892
725.892
723.892
721.892
719.892
717.893
715.893
713.893
711.893
709.893
707.893
705.893
703.894
701.894
699.894
697.894
695.894
693.894
691.894
689.894
687.894
685.895
683.895
681.895
679.895
677.895
675.895
673.895
671.895
669.896
667.896
665.896
663.896
661.896
659.896
657.896
655.897
653.897
651.897
649.897
647.897
645.897
643.897
641.897
639.898
637.898
635.898
633.898
631.898
629.898
627.898
625.898
623.899
621.899
619.899
617.899
615.899
613.899
611.899
609.899
607.899
605.900
603.900
601.900
599.900
597.900
595.900
593.900
591.900
589.901
587.901
585.901
583.901
581.901
579.901
577.901
575.901
573.902
571.902
569.902
567.902
565.902
563.902
561.902
559.902
557.903
555.903
553.903
551.903
549.903
547.903
545.903
543.904
541.904
539.904
537.904
535.904
533.904
531.904
529.904
527.904
525.905
523.905
521.905
519.905
517.905
515.905
513.905
511.905
509.906
507.906
505.906
503.906
501.906
499.906
497.906
495.906
493.907
491.907
489.907
487.907
485.907
483.907
481.907
479.908
477.908
475.908
473.908
471.908
469.908
467.908
465.908
463.909
461.909
459.909
457.909
455.909
453.909
451.909
449.909
447.909
445.910
443.910
441.910
439.910
437.910
435.910
433.910
431.910
429.911
427.911
425.911
423.911
421.911
419.911
417.911
415.911
413.912
411.912
409.912
407.912
405.912
403.912
401.912
399.913
397.913
395.913
393.913
391.913
389.913
387.913
385.913
383.913
381.914
379.914
377.914
375.914
373.914
371.914
369.914
367.914
365.915
363.915
361.915
359.915
357.915
355.915
353.915
351.915
349.916
347.916
345.916
343.916
341.916
339.916
337.916
335.916
333.917
331.917
329.917
327.917
325.917
323.917
321.917
319.918
317.918
315.918
313.918
311.918
309.918
307.918
305.918
303.918
301.919
299.919
297.919
295.919
293.919
291.919
289.919
287.919
285.920
283.920
281.920
279.920
277.920
275.920
273.920
271.920
269.921
267.921
265.921
263.921
261.921
259.921
257.921
255.921
253.922
251.922
249.922
247.922
245.922
243.922
241.922
239.923
237.923
235.923
233.923
231.923
229.923
227.923
225.923
223.923
221.924
219.924
217.924
215.924
213.924
211.924
209.924
207.924
205.925
203.925
201.925
199.925
197.925
195.925
193.925
191.925
189.926
187.926
185.926
183.926
181.926
179.926
177.926
175.926
173.927
171.927
169.927
167.927
165.927
163.927
161.927
159.928
157.928
155.928
153.928
151.928
149.928
147.928
145.928
143.928
141.929
139.929
137.929
135.929
133.929
131.929
129.929
127.929
125.930
123.930
121.930
119.930
117.930
115.930
113.930
111.930
109.931
107.931
105.931
103.931
101.931
99.931
97.931
95.931
93.932
91.932
89.932
87.932
85.932
83.932
81.932
79.933
77.933
75.933
73.933
71.933
69.933
67.933
65.933
63.933
61.934
59.934
57.934
55.934
53.934
51.934
49.934
47.934
45.935
43.935
41.935
39.935
37.935
35.935
33.935
31.935
29.936
27.936
25.936
23.936
21.936
19.936
17.936
15.936
13.937
11.937
9.937
7.937
5.937
3.937
1.937
-0.062
-2.062
-4.062
-6.062
-8.062
-10.062
-12.062
-14.062
-16.062
-18.061
-20.061
-22.061
-24.061
-26.061
-28.061
-30.061
-32.061
-34.060
-36.060
-38.060
-40.060
-42.060
-44.060
-46.060
-48.060
-50.059
-52.059
-54.059
-56.059
-58.059
-60.059
-62.059
-64.059
-66.058
-68.058
-70.058
-72.058
-74.058
-76.058
-78.058
-80.058
-82.057
-84.057
-86.057
-88.057
-90.057
-92.057
-94.057
-96.057
-98.056
-100.056
-102.056
-104.056
-106.056
-108.056
-110.056
-112.055
-114.055
-116.055
-118.055
-120.055
-122.055
-124.055
-126.055
-128.054
-130.054
-132.054
-134.054
-136.054
-138.054
-140.054
-142.054
-144.053
-146.053
-148.053
-150.053
-152.053
-154.053
-156.053
-158.053
-160.053
-162.052
-164.052
-166.052
-168.052
-170.052
-172.052
-174.052
-176.052
-178.051
-180.051
-182.051
-184.051
-186.051
-188.051
-190.051
-192.051
-194.050
-196.050
-198.050
-200.050
-202.050
-204.050
-206.050
-208.050
-210.049
-212.049
-214.049
-216.049
-218.049
-220.049
-222.049
-224.049
-226.048
-228.048
-230.048
-232.048
-234.048
-236.048
-238.048
-240.048
-242.047
-244.047
-246.047
-248.047
-250.047
-252.047
-254.047
-256.047
-258.046
-260.046
-262.046
-264.046
-266.046
-268.046
-270.046
-272.045
-274.045
-276.045
-278.045
-280.045
-282.045
-284.045
-286.045
-288.044
-290.044
-292.044
-294.044
-296.044
-298.044
-300.044
-302.044
-304.043
-306.043
-308.043
-310.043
-312.043
-314.043
-316.043
-318.043
-320.043
-322.042
-324.042
-326.042
-328.042
-330.042
-332.042
-334.042
-336.042
-338.041
-340.041
-342.041
-344.041
-346.041
-348.041
-350.041
-352.041
-354.040
-356.040
-358.040
-360.040
-362.040
-364.040
-366.040
-368.040
-370.039
-372.039
-374.039
-376.039
-378.039
-380.039
-382.039
-384.039
-386.038
-388.038
-390.038
-392.038
-394.038
-396.038
-398.038
-400.038
-402.037
-404.037
-406.037
-408.037
-410.037
-412.037
-414.037
-416.037
-418.036
-420.036
-422.036
-424.036
-426.036
-428.036
-430.036
-432.035
-434.035
-436.035
-438.035
-440.035
-442.035
-444.035
-446.035
-448.034
-450.034
-452.034
-454.034
-456.034
-458.034
-460.034
-462.034
-464.034
-466.033
-468.033
-470.033
-472.033
-474.033
-476.033
-478.033
-480.033
-482.032
-484.032
-486.032
-488.032
-490.032
-492.032
-494.032
-496.032
-498.031
-500.031
-502.031
-504.031
-506.031
-508.031
-510.031
-512.031
-514.030
-516.030
-518.030
-520.030
-522.030
-524.030
-526.030
-528.030
-530.029
-532.029
-534.029
-536.029
-538.029
-540.029
-542.029
-544.029
-546.028
-548.028
-550.028
-552.028
-554.028
-556.028
-558.028
-560.028
-562.027
-564.027
-566.027
-568.027
-570.027
-572.027
-574.027
-576.026
-578.026
-580.026
-582.026
-584.026
-586.026
-588.026
-590.026
-592.025
-594.025
-596.025
-598.025
-600.025
-602.025
-604.025
-606.025
-608.024
-610.024
-612.024
-614.024
-616.024
-618.024
-620.024
-622.024
-624.024
-626.023
-628.023
-630.023
-632.023
-634.023
-636.023
-638.023
-640.023
-642.022
-644.022
-646.022
-648.022
-650.022
-652.022
-654.022
-656.022
-658.021
-660.021
-662.021
-664.021
-666.021
-668.021
-670.021
-672.021
-674.020
-676.020
-678.020
-680.020
-682.020
-684.020
-686.020
-688.020
-690.019
-692.019
-694.019
-696.019
-698.019
-700.019
-702.019
-704.019
-706.018
-708.018
-710.018
-712.018
-714.018
-716.018
-718.018
-720.018
-722.017
-724.017
-726.017
-728.017
-730.017
-732.017
-734.017
-736.016
-738.016
-740.016
-742.016
-744.016
-746.016
-748.016
-750.016
-752.015
-754.015
-756.015
-758.015
-760.015
-762.015
-764.015
-766.015
-768.014
-770.014
-772.014
-774.014
-776.014
-778.014
-780.014
-782.014
-784.014
-786.013
-788.013
-790.013
-792.013
-794.013
-796.013
-798.013
-800.013
-802.012
-804.012
-806.012
-808.012
-810.012
-812.012
-814.012
-816.012
-818.011
-820.011
-822.011
-824.011
-826.011
-828.011
-830.011
-832.011
-834.010
-836.010
-838.010
-840.010
-842.010
-844.010
-846.010
-848.010
-850.009
-852.009
-854.009
-856.009
-858.009
-860.009
-862.009
-864.009
-866.008
-868.008
-870.008
-872.008
-874.008
-876.008
-878.008
-880.008
-882.007
-884.007
-886.007
-888.007
-890.007
-892.007
-894.007
-896.006
-898.006
-900.006
-902.006
-904.006
-906.006
-908.006
-910.006
-912.005
-914.005
-916.005
-918.005
-920.005
-922.005
-924.005
-926.005
-928.005
-930.004
-932.004
-934.004
-936.004
-938.004
-940.004
-942.004
-944.004
-946.003
-948.003
-950.003
-952.003
-954.003
-956.003
-958.003
-960.003
-962.002
-964.002
-966.002
-968.002
-970.002
-972.002
-974.002
-976.002
-978.001
-980.001
-982.001
-984.001
-986.001
-988.001
-990.001
-992.001
-994.000
-996.000
-998.000

