Время работы алгоритма по формированию последовательности: 12(мкС)
-87
-23
-22
28
14
100
18
30
64
-27
38
-83
3
12
8
-39
-68
-19
-71
-6
17
-29
56
-45
-73
-26
-40
77
-84
90
7
13
-33
-34
-57
62
-34
12
-55
23
27
-5
-36
33
-9
-96
38
-41
56
-93
-97
3
68
-61
-5
-7
-100
59
-4
-33
39
-28
45
82
-23
100
92
-11
-35
7
-54
-23
-96
-5
-52
25
-50
21
-72
-10
-38
-43
65
-47
-6
-34
35
-26
53
34
-80
-72
-63
-32
31
-3
-77
-27
-59
-26
71
54
78
89
94
-24
-95
-97
30
-99
-1
76
-26
-100
65
46
-48
-63
-83
72
3
-36
67
100
-60
39
59
53
79
-84
75
50
-62
-63
-68
-85
52
70
-1
-62
-48
-87
-100
-17
-75
21
-8
-62
-97
-54
100
24
74
50
22
93
-22
-52
-48
-87
16
-19
-99
-87
16
60
58
-14
-49
-69
33
73
40
35
44
62
-77
-74
-8
-27
-18
-96
-1
-53
84
-12
5
-17
-43
97
88
1
-9
-81
80
-72
-58
44
-66
-8

