Время работы алгоритма по формированию последовательности: 8(мкС)
-20.176
17.020
83.276
95.849
89.630
-82.830
-2.359
-2.286
-19.254
58.708
-86.889
76.769
-69.927
62.627
-88.299
-48.100
-13.926
-32.029
22.861
-4.959
-47.758
-93.432
-75.738
53.691
-55.669
56.261
7.102
80.200
27.689
-46.086
-38.005
-1.163
-59.105
-50.523
-58.025
42.076
12.046
82.257
58.538
87.231
73.760
-39.305
67.241
24.723
83.355
-72.985
-1.010
89.294
54.308
87.750
-6.742
-14.719
5.307
91.626
89.514
-62.627
-66.875
35.923
33.085
97.931
-84.429
-17.362
51.787
42.198
-49.229
65.618
59.435
-17.258
39.030
69.958
42.595
34.196
-86.480
64.977
86.773
-40.349
-73.931
-28.104
-1.682
-70.006
94.220
47.569
-21.702
-72.686
15.897
-34.574
-95.495
-76.238
57.970
75.030
78.014
67.022
-75.237
-78.729
-9.641
3.647
13.010
4.727
-32.273
-28.391
59.307
64.110
48.308
-6.833
86.438
62.407
-50.896
-0.607
-45.225
-42.332
78.497
17.624
-75.011
39.860
50.682
53.020
-61.650
-85.052
58.367
-4.483
20.859
-82.434
-40.092
-16.581
-82.580
33.348
37.150
-45.085
-37.565
-87.634
80.187
18.693
92.846
54.808
-44.597
-25.071
10.117
-49.889
-87.127
18.009
-2.762
50.981
-10.440
-47.966
-2.927
-36.692
-35.643
-49.467
58.281
-66.594
21.451
-8.457
-44.957
13.785
-21.964
-0.674
86.956
-11.374
32.817
23.991
65.105
40.355
91.394
90.240
90.869
38.383
24.876
46.519
-66.564
31.462
-82.012
45.824
12.497
24.735
62.822
-10.678
-7.846
22.843
-45.457
-35.759
-7.486
20.255
45.372
7.022
25.034
-79.833
-87.091
23.191
-41.990
63.146
-0.705
-4.917
18.332
-53.264
-22.837
-91.241
-64.165
17.429
98.956
-68.767

