-1000.000
-964.912
-929.825
-894.737
-859.649
-824.561
-789.474
-754.386
-719.298
-684.211
-649.123
-614.035
-578.947
-543.860
-508.772
-473.684
-438.596
-403.509
-368.421
-333.333
-298.246
-263.158
-228.070
-192.982
-157.895
-122.807
-87.719
-52.632
-17.544
17.544
52.632
87.719
122.807
157.895
192.982
228.070
263.158
298.246
333.333
368.421
403.509
438.596
473.684
508.772
543.860
578.947
614.035
649.123
684.211
719.298
754.386
789.474
824.561
859.649
894.737
929.825
964.912
-1000.000
-964.912
-929.825
-894.737
-859.649
-824.561
-789.474
-754.386
-719.298
-684.211
-649.123
-614.035
-578.947
-543.860
-508.772
-473.684
-438.596
-403.509
-368.421
-333.333
-298.246
-263.158
-228.070
-192.982
-157.895
-122.807
-87.719
-52.632
-17.544
17.544
52.632
87.719
122.807
157.895
192.982
228.070
263.158
298.246
333.333
368.421
403.509
438.596
473.684
508.772
543.860
578.947
614.035
649.123
684.211
719.298
754.386
789.474
824.561
859.649
894.737
929.825
964.912
-1000.000
-964.912
-929.825
-894.737
-859.649
-824.561
-789.474
-754.386
-719.298
-684.211
-649.123
-614.035
-578.947
-543.860
-508.772
-473.684
-438.596
-403.509
-368.421
-333.333
-298.246
-263.158
-228.070
-192.982
-157.895
-122.807
-87.719
-52.632
-17.544
17.544
52.632
87.719
122.807
157.895
192.982
228.070
263.158
298.246
333.333
368.421
403.509
438.596
473.684
508.772
543.860
578.947
614.035
649.123
684.211
719.298
754.386
789.474
824.561
859.649
894.737
929.825
964.912
-1000.000
-964.912
-929.825
-894.737
-859.649
-824.561
-789.474
-754.386
-719.298
-684.211
-649.123
-614.035
-578.947
-543.860
-508.772
-473.684
-438.596
-403.509
-368.421
-333.333
-298.246
-263.158
-228.070
-192.982
-157.895
-122.807
-87.719
-52.632
-17.544
17.544
52.632
87.719
122.807
157.895
192.982
228.070
263.158
298.246
333.333
368.421
403.509
438.596
473.684
508.772
543.860
578.947
614.035
649.123
684.211
719.298
754.386
789.474
824.561
859.649
894.737
929.825
964.912
-1000.000
-964.912
-929.825
-894.737
-859.649
-824.561
-789.474
-754.386
-719.298
-684.211
-649.123
-614.035
-578.947
-543.860
-508.772
-473.684
-438.596
-403.509
-368.421
-333.333
-298.246
-263.158
-228.070
-192.982
-157.895
-122.807
-87.719
-52.632
-17.544
17.544
52.632
87.719
122.807
157.895
192.982
228.070
263.158
298.246
333.333
368.421
403.509
438.596
473.684
508.772
543.860
578.947
614.035
649.123
684.211
719.298
754.386
789.474
824.561
859.649
894.737
929.825
964.912
-1000.000
-964.912
-929.825
-894.737
-859.649
-824.561
-789.474
-754.386
-719.298
-684.211
-649.123
-614.035
-578.947
-543.860
-508.772
-473.684
-438.596
-403.509
-368.421
-333.333
-298.246
-263.158
-228.070
-192.982
-157.895
-122.807
-87.719
-52.632
-17.544
17.544
52.632
87.719
122.807
157.895
192.982
228.070
263.158
298.246
333.333
368.421
403.509
438.596
473.684
508.772
543.860
578.947
614.035
649.123
684.211
719.298
754.386
789.474
824.561
859.649
894.737
929.825
964.912
-1000.000
-964.912
-929.825
-894.737
-859.649
-824.561
-789.474
-754.386
-719.298
-684.211
-649.123
-614.035
-578.947
-543.860
-508.772
-473.684
-438.596
-403.509
-368.421
-333.333
-298.246
-263.158
-228.070
-192.982
-157.895
-122.807
-87.719
-52.632
-17.544
17.544
52.632
87.719
122.807
157.895
192.982
228.070
263.158
298.246
333.333
368.421
403.509
438.596
473.684
508.772
543.860
578.947
614.035
649.123
684.211
719.298
754.386
789.474
824.561
859.649
894.737
929.825
964.912
-1000.000
-964.912
-929.825
-894.737
-859.649
-824.561
-789.474
-754.386
-719.298
-684.211
-649.123
-614.035
-578.947
-543.860
-508.772
-473.684
-438.596
-403.509
-368.421
-333.333
-298.246
-263.158
-228.070
-192.982
-157.895
-122.807
-87.719
-52.632
-17.544
17.544
52.632
87.719
122.807
157.895
192.982
228.070
263.158
298.246
333.333
368.421
403.509
438.596
473.684
508.772
543.860
578.947
614.035
649.123
684.211
719.298
754.386
789.474
824.561
859.649
894.737
929.825
964.912
-1000.000
-964.912
-929.825
-894.737
-859.649
-824.561
-789.474
-754.386
-719.298
-684.211
-649.123
-614.035
-578.947
-543.860
-508.772
-473.684
-438.596
-403.509
-368.421
-333.333
-298.246
-263.158
-228.070
-192.982
-157.895
-122.807
-87.719
-52.632
-17.544
17.544
52.632
87.719
122.807
157.895
192.982
228.070
263.158
298.246
333.333
368.421
403.509
438.596
473.684
508.772
543.860
578.947
614.035
649.123
684.211
719.298
754.386
789.474
824.561
859.649
894.737
929.825
964.912
-1000.000
-964.912
-929.825
-894.737
-859.649
-824.561
-789.474
-754.386
-719.298
-684.211
-649.123
-614.035
-578.947
-543.860
-508.772
-473.684
-438.596
-403.509
-368.421
-333.333
-298.246
-263.158
-228.070
-192.982
-157.895
-122.807
-87.719
-52.632
-17.544
17.544
52.632
87.719
122.807
157.895
192.982
228.070
263.158
298.246
333.333
368.421
403.509
438.596
473.684
508.772
543.860
578.947
614.035
649.123
684.211
719.298
754.386
789.474
824.561
859.649
894.737
929.825
964.912
-1000.000
-964.912
-929.825
-894.737
-859.649
-824.561
-789.474
-754.386
-719.298
-684.211
-649.123
-614.035
-578.947
-543.860
-508.772
-473.684
-438.596
-403.509
-368.421
-333.333
-298.246
-263.158
-228.070
-192.982
-157.895
-122.807
-87.719
-52.632
-17.544
17.544
52.632
87.719
122.807
157.895
192.982
228.070
263.158
298.246
333.333
368.421
403.509
438.596
473.684
508.772
543.860
578.947
614.035
649.123
684.211
719.298
754.386
789.474
824.561
859.649
894.737
929.825
964.912
-1000.000
-964.912
-929.825
-894.737
-859.649
-824.561
-789.474
-754.386
-719.298
-684.211
-649.123
-614.035
-578.947
-543.860
-508.772
-473.684
-438.596
-403.509
-368.421
-333.333
-298.246
-263.158
-228.070
-192.982
-157.895
-122.807
-87.719
-52.632
-17.544
17.544
52.632
87.719
122.807
157.895
192.982
228.070
263.158
298.246
333.333
368.421
403.509
438.596
473.684
508.772
543.860
578.947
614.035
649.123
684.211
719.298
754.386
789.474
824.561
859.649
894.737
929.825
964.912
-1000.000
-964.912
-929.825
-894.737
-859.649
-824.561
-789.474
-754.386
-719.298
-684.211
-649.123
-614.035
-578.947
-543.860
-508.772
-473.684
-438.596
-403.509
-368.421
-333.333
-298.246
-263.158
-228.070
-192.982
-157.895
-122.807
-87.719
-52.632
-17.544
17.544
52.632
87.719
122.807
157.895
192.982
228.070
263.158
298.246
333.333
368.421
403.509
438.596
473.684
508.772
543.860
578.947
614.035
649.123
684.211
719.298
754.386
789.474
824.561
859.649
894.737
929.825
964.912
-1000.000
-964.912
-929.825
-894.737
-859.649
-824.561
-789.474
-754.386
-719.298
-684.211
-649.123
-614.035
-578.947
-543.860
-508.772
-473.684
-438.596
-403.509
-368.421
-333.333
-298.246
-263.158
-228.070
-192.982
-157.895
-122.807
-87.719
-52.632
-17.544
17.544
52.632
87.719
122.807
157.895
192.982
228.070
263.158
298.246
333.333
368.421
403.509
438.596
473.684
508.772
543.860
578.947
614.035
649.123
684.211
719.298
754.386
789.474
824.561
859.649
894.737
929.825
964.912
-1000.000
-964.912
-929.825
-894.737
-859.649
-824.561
-789.474
-754.386
-719.298
-684.211
-649.123
-614.035
-578.947
-543.860
-508.772
-473.684
-438.596
-403.509
-368.421
-333.333
-298.246
-263.158
-228.070
-192.982
-157.895
-122.807
-87.719
-52.632
-17.544
17.544
52.632
87.719
122.807
157.895
192.982
228.070
263.158
298.246
333.333
368.421
403.509
438.596
473.684
508.772
543.860
578.947
614.035
649.123
684.211
719.298
754.386
789.474
824.561
859.649
894.737
929.825
964.912
-1000.000
-964.912
-929.825
-894.737
-859.649
-824.561
-789.474
-754.386
-719.298
-684.211
-649.123
-614.035
-578.947
-543.860
-508.772
-473.684
-438.596
-403.509
-368.421
-333.333
-298.246
-263.158
-228.070
-192.982
-157.895
-122.807
-87.719
-52.632
-17.544
17.544
52.632
87.719
122.807
157.895
192.982
228.070
263.158
298.246
333.333
368.421
403.509
438.596
473.684
508.772
543.860
578.947
614.035
649.123
684.211
719.298
754.386
789.474
824.561
859.649
894.737
929.825
964.912
-1000.000
-964.912
-929.825
-894.737
-859.649
-824.561
-789.474
-754.386
-719.298
-684.211
-649.123
-614.035
-578.947
-543.860
-508.772
-473.684
-438.596
-403.509
-368.421
-333.333
-298.246
-263.158
-228.070
-192.982
-157.895
-122.807
-87.719
-52.632
-17.544
17.544
52.632
87.719
122.807
157.895
192.982
228.070
263.158
298.246
333.333
368.421
403.509
438.596
473.684
508.772
543.860
578.947
614.035
649.123
684.211
719.298
754.386
789.474
824.561
859.649
894.737
929.825
964.912
-1000.000
-964.912
-929.825
-894.737
-859.649
-824.561
-789.474
-754.386
-719.298
-684.211
-649.123
-614.035
-578.947
-543.860
-508.772
-473.684
-438.596
-403.509
-368.421
-333.333
-298.246
-263.158
-228.070
-192.982
-157.895
-122.807
-87.719
-52.632
-17.544
17.544
52.632

