Время работы алгоритма по формированию последовательности: 1(мкС)
-100
-98
-96
-94
-92
-89
-87
-85
-83
-80
-78
-76
-74
-72
-69
-67
-65
-63
-60
-58
-56
-54
-52
-49
-47
-45
-43
-40
-38
-36
-34
-32
-29
-27
-25
-23
-20
-18
-16
-14
-12
-9
-7
-5
-3
0
2
4
6
8
11
13
15
17
20
22
24
26
28
31
33
35
37
40
42
44
46
48
51
53
55
57
60
62
64
66
68
71
73
75
77
80
82
84
86
88
91
93
95
97
-100
-98
-96
-94
-92
-89
-87
-85
-83
-80
-78
-76
-74
-72
-69
-67
-65
-63
-60
-58
-56
-54
-52
-49
-47
-45
-43
-40
-38
-36
-34
-32
-29
-27
-25
-23
-20
-18
-16
-14
-12
-9
-7
-5
-3
0
2
4
6
8
11
13
15
17
20
22
24
26
28
31
33
35
37
40
42
44
46
48
51
53
55
57
60
62
64
66
68
71
73
75
77
80
82
84
86
88
91
93
95
97
-100
-98
-96
-94
-92
-89
-87
-85
-83
-80
-78
-76
-74
-72
-69
-67
-65
-63
-60
-58

