Время работы алгоритма по формированию последовательности: 16(мкС)
0.000
6.976
13.917
20.791
27.564
34.202
40.674
46.947
52.992
58.779
64.279
69.466
74.314
78.801
82.904
86.603
89.879
92.718
95.106
97.030
98.481
99.452
99.939
99.939
99.452
98.481
97.030
95.106
92.718
89.879
86.603
82.904
78.801
74.314
69.466
64.279
58.779
52.992
46.947
40.674
34.202
27.564
20.791
13.917
6.976
0.000
-6.976
-13.917
-20.791
-27.564
-34.202
-40.674
-46.947
-52.992
-58.779
-64.279
-69.466
-74.314
-78.801
-82.904
-86.603
-89.879
-92.718
-95.106
-97.030
-98.481
-99.452
-99.939
-99.939
-99.452
-98.481
-97.030
-95.106
-92.718
-89.879
-86.603
-82.904
-78.801
-74.314
-69.466
-64.279
-58.779
-52.992
-46.947
-40.674
-34.202
-27.564
-20.791
-13.917
-6.976
-0.000
6.976
13.917
20.791
27.564
34.202
40.674
46.947
52.992
58.779
64.279
69.466
74.314
78.801
82.904
86.603
89.879
92.718
95.106
97.030
98.481
99.452
99.939
99.939
99.452
98.481
97.030
95.106
92.718
89.879
86.603
82.904
78.801
74.314
69.466
64.279
58.779
52.992
46.947
40.674
34.202
27.564
20.791
13.917
6.976
0.000
-6.976
-13.917
-20.791
-27.564
-34.202
-40.674
-46.947
-52.992
-58.779
-64.279
-69.466
-74.314
-78.801
-82.904
-86.603
-89.879
-92.718
-95.106
-97.030
-98.481
-99.452
-99.939
-99.939
-99.452
-98.481
-97.030
-95.106
-92.718
-89.879
-86.603
-82.904
-78.801
-74.314
-69.466
-64.279
-58.779
-52.992
-46.947
-40.674
-34.202
-27.564
-20.791
-13.917
-6.976
-0.000
6.976
13.917
20.791
27.564
34.202
40.674
46.947
52.992
58.779
64.279
69.466
74.314
78.801
82.904
86.603
89.879
92.718
95.106
97.030

