Время работы алгоритма по формированию последовательности: 14(мкС)
0
6
13
20
27
34
40
46
52
58
64
69
74
78
82
86
89
92
95
97
98
99
99
99
99
98
97
95
92
89
86
82
78
74
69
64
58
52
46
40
34
27
20
13
6
0
-6
-13
-20
-27
-34
-40
-46
-52
-58
-64
-69
-74
-78
-82
-86
-89
-92
-95
-97
-98
-99
-99
-99
-99
-98
-97
-95
-92
-89
-86
-82
-78
-74
-69
-64
-58
-52
-46
-40
-34
-27
-20
-13
-6
0
6
13
20
27
34
40
46
52
58
64
69
74
78
82
86
89
92
95
97
98
99
99
99
99
98
97
95
92
89
86
82
78
74
69
64
58
52
46
40
34
27
20
13
6
0
-6
-13
-20
-27
-34
-40
-46
-52
-58
-64
-69
-74
-78
-82
-86
-89
-92
-95
-97
-98
-99
-99
-99
-99
-98
-97
-95
-92
-89
-86
-82
-78
-74
-69
-64
-58
-52
-46
-40
-34
-27
-20
-13
-6
0
6
13
20
27
34
40
46
52
58
64
69
74
78
82
86
89
92
95
97

