-975
-939
-893
-930
-995
-917
-931
-991
-904
-998
-990
-940
-897
-996
-901
-971
-957
-903
-986
-913
-924
-938
-909
-945
-945
-999
-978
-893
-987
-896
-961
-988
-962
-958
-978
-987
-898
-987
-918
-980
-969
-910
-981
-895
-945
-969
-938
-908
-908
-917
-990
-924
-963
-937
-951
-995
-942
-862
-864
-815
-850
-850
-869
-869
-796
-846
-820
-800
-848
-857
-854
-809
-864
-872
-791
-869
-877
-781
-809
-850
-815
-779
-811
-848
-837
-875
-825
-800
-828
-881
-802
-814
-832
-828
-781
-814
-789
-817
-842
-888
-834
-869
-791
-867
-867
-780
-858
-835
-860
-852
-856
-836
-780
-817
-712
-707
-680
-761
-746
-687
-675
-748
-725
-723
-751
-680
-675
-704
-677
-720
-764
-716
-756
-760
-725
-701
-699
-722
-696
-772
-775
-746
-753
-715
-748
-672
-669
-701
-708
-728
-722
-744
-698
-771
-748
-724
-756
-764
-701
-737
-706
-707
-738
-674
-698
-778
-725
-668
-735
-738
-696
-574
-566
-660
-620
-606
-567
-558
-563
-647
-659
-611
-585
-661
-586
-577
-627
-636
-634
-594
-629
-604
-568
-563
-613
-581
-654
-580
-626
-571
-569
-628
-594
-633
-576
-602
-591
-661
-612
-612
-592
-616
-603
-592
-631
-666
-666
-637
-558
-656
-567
-575
-609
-598
-571
-661
-667
-619
-472
-525
-449
-496
-543
-496
-527
-526
-462
-550
-516
-458
-556
-554
-542
-457
-485
-458
-485
-468
-500
-527
-473
-507
-452
-495
-540
-489
-453
-548
-462
-477
-447
-555
-491
-498
-537
-541
-469
-499
-487
-542
-545
-513
-470
-504
-451
-529
-488
-549
-505
-534
-494
-478
-521
-482
-456
-376
-412
-349
-431
-376
-341
-354
-413
-346
-441
-364
-353
-405
-334
-387
-357
-396
-369
-375
-348
-342
-346
-425
-413
-428
-398
-380
-369
-420
-425
-384
-444
-336
-408
-377
-382
-422
-408
-354
-439
-350
-385
-435
-365
-382
-385
-404
-430
-438
-424
-415
-339
-363
-439
-423
-427
-357
-234
-237
-245
-280
-334
-235
-297
-275
-266
-278
-253
-281
-320
-262
-280
-227
-253
-258
-310
-306
-326
-238
-315
-246
-306
-309
-278
-273
-326
-310
-316
-249
-227
-287
-320
-257
-321
-314
-308
-309
-280
-330
-289
-264
-307
-308
-262
-253
-244
-302
-307
-279
-325
-298
-323
-258
-228
-192
-172
-144
-157
-220
-119
-145
-197
-124
-189
-137
-219
-184
-216
-161
-141
-112
-133
-139
-219
-135
-123
-215
-190
-146
-141
-135
-135
-175
-159
-164
-136
-150
-172
-173
-164
-177
-162
-163
-134
-139
-146
-150
-210
-187
-138
-126
-158
-173
-175
-169
-222
-165
-172
-216
-147
-163
-12
-41
-67
-86
-40
-50
-37
-49
-47
-35
-19
-78
-8
-9
-46
-38
-105
-82
-32
-75
-85
-84
-37
-28
-104
-92
-23
-71
-19
-88
-108
-12
-87
-84
-96
-102
-51
-53
-99
-8
-92
-56
-98
-26
-94
-24
-101
-17
-7
-50
-43
-1
-95
-42
-24
-18
-72
37
101
28
39
81
32
13
8
63
71
104
102
10
37
75
36
58
55
18
80
36
29
8
25
110
2
44
15
6
47
39
90
83
93
12
29
108
42
17
12
24
109
46
28
6
29
4
74
94
64
31
14
55
48
-1
65
106
177
211
172
117
120
151
180
133
216
112
116
191
167
117
202
143
137
193
132
147
187
150
220
168
207
197
162
165
170
123
136
182
123
141
116
124
206
167
113
211
191
177
167
164
178
164
124
220
146
140
171
221
201
110
212
195
144
234
243
265
294
260
310
317
278
257
234
321
245
222
262
228
330
262
266
321
321
323
281
263
257
228
228
281
252
288
329
229
327
249
252
314
300
228
244
310
332
233
298
318
328
310
285
275
273
249
234
289
286
253
250
296
271
308
410
415
415
421
339
424
399
392
354
384
417
369
425
425
434
346
377
410
333
436
397
388
379
431
442
360
367
359
373
439
369
353
374
378
361
343
411
339
399
352
336
436
336
436
398
351
435
350
417
429
349
339
335
435
338
338
358
448
460
507
515
444
497
533
444
543
545
492
552
494
478
536
459
492
447
452
457
525
470
509
505
462
463
456
505
500
508
521
531
467
480
530
446
496
488
457
552
520
465
493
499
530
549
538
509
514
488
554
501
527
482
495
506
456
637
653
581
578
562
589
554
645
575
593
652
633
572
658
591
619
558
657
578
644
636
587
605
588
608
621
614
634
560
650
570
655
574
571
619
581
604
582
661
626
580
659
581
577
615
619
604
610
596
641
592
560
587
581
595
628
595
694
712
759
680
696
691
686
712
727
753
674
769
747
681
718
725
717
737
766
670
729
723
707
775
740
690
667
745
671
680
704
773
765
737
735
738
769
765
685
743
668
769
677
763
758
704
773
699
714
697
714
764
775
737
744
690
691
833
814
799
850
786
857
832
840
777
824
837
797
798
833
879
783
882
851
800
780
801
827
877
831
819
811
823
858
793
871
811
869
854
881
790
838
780
776
876
882
793
797
811
835
865
822
796
875
830
854
858
807
852
860
854
871
810
890
920
956
934
922
890
995
936
988
948
946
955
948
977
993
903
914
890
939
939
961
978
981
921
964
990
974
946
893
986
983

