-989.961
-891.069
-911.968
-994.784
-955.192
-919.323
-915.160
-918.045
-908.943
-969.367
-985.419
-967.255
-913.895
-947.157
-954.871
-924.102
-934.773
-957.175
-906.160
-976.350
-949.207
-955.763
-910.491
-921.716
-914.059
-950.229
-920.297
-923.835
-891.616
-942.221
-981.108
-974.693
-912.203
-989.903
-975.041
-978.135
-989.698
-923.391
-956.461
-960.884
-978.456
-983.997
-956.293
-973.609
-912.145
-905.719
-979.498
-972.505
-952.981
-949.566
-968.191
-915.902
-919.863
-953.080
-894.939
-918.441
-987.934
-793.733
-870.687
-801.229
-840.014
-792.543
-871.853
-784.569
-878.494
-864.501
-867.092
-869.703
-874.078
-862.241
-836.199
-880.070
-779.958
-807.549
-789.662
-836.633
-879.920
-881.123
-841.405
-837.717
-846.785
-873.077
-883.140
-789.857
-815.851
-868.811
-808.919
-840.226
-801.656
-856.581
-838.318
-841.039
-778.700
-807.398
-870.787
-816.538
-778.553
-817.697
-883.628
-874.981
-859.866
-849.266
-858.188
-856.150
-863.807
-776.991
-790.657
-844.939
-819.375
-838.872
-840.034
-825.419
-791.156
-846.792
-713.757
-717.951
-697.952
-716.604
-695.498
-753.868
-686.833
-675.980
-727.583
-742.123
-687.093
-684.553
-736.600
-758.520
-736.607
-672.822
-742.646
-691.950
-705.102
-686.358
-692.746
-730.181
-670.836
-749.777
-686.905
-667.640
-687.175
-769.000
-753.328
-677.782
-747.568
-734.293
-729.306
-760.424
-693.454
-758.602
-748.245
-722.671
-761.562
-765.640
-761.350
-703.844
-723.095
-706.278
-714.485
-742.937
-775.371
-669.715
-704.658
-743.104
-682.317
-759.921
-720.692
-675.707
-772.408
-775.863
-748.539
-586.352
-618.482
-574.012
-621.729
-581.484
-575.991
-591.656
-621.534
-582.007
-660.144
-609.448
-639.219
-582.438
-594.432
-599.761
-585.001
-642.073
-663.122
-619.343
-640.135
-562.719
-592.073
-568.704
-564.664
-607.431
-570.546
-584.841
-577.342
-638.788
-630.359
-649.702
-556.177
-599.186
-590.952
-628.941
-636.177
-607.704
-594.904
-555.473
-624.696
-571.948
-634.304
-580.288
-638.993
-613.464
-660.551
-629.060
-610.415
-637.165
-574.077
-643.013
-611.738
-567.292
-566.435
-658.620
-660.172
-588.420
-551.330
-484.517
-496.508
-449.964
-501.040
-470.253
-456.960
-532.756
-536.749
-549.300
-466.111
-488.116
-461.271
-506.820
-507.545
-499.980
-494.717
-446.771
-496.631
-532.558
-549.512
-488.735
-447.971
-485.987
-477.377
-461.062
-541.992
-542.583
-528.678
-524.792
-527.178
-482.056
-536.697
-470.838
-526.511
-496.292
-539.302
-528.979
-444.512
-490.170
-454.527
-535.108
-491.476
-510.891
-514.572
-519.282
-469.334
-524.344
-522.673
-457.036
-447.698
-501.009
-533.413
-454.496
-474.550
-485.901
-460.929
-341.761
-382.081
-383.014
-431.530
-393.060
-356.189
-360.827
-393.186
-356.206
-418.165
-377.323
-350.488
-413.831
-382.963
-403.051
-409.456
-362.885
-346.714
-400.713
-432.778
-410.936
-355.823
-407.774
-393.952
-435.731
-430.269
-340.626
-334.846
-434.555
-377.531
-426.775
-343.142
-353.875
-345.699
-427.517
-350.204
-345.747
-432.217
-349.725
-389.830
-425.511
-408.786
-361.104
-334.450
-353.266
-342.940
-367.506
-421.190
-393.654
-376.762
-438.749
-352.354
-416.367
-331.257
-413.510
-410.844
-343.993
-308.900
-317.715
-246.920
-305.612
-274.787
-262.964
-232.933
-254.679
-237.038
-227.509
-258.432
-321.694
-238.754
-290.237
-302.166
-316.150
-326.192
-264.191
-229.532
-320.248
-265.572
-308.148
-239.885
-228.931
-293.067
-230.677
-308.285
-290.658
-318.402
-297.292
-270.132
-279.474
-322.658
-247.063
-237.223
-248.875
-266.704
-225.335
-305.707
-273.936
-234.789
-226.921
-252.430
-228.226
-249.812
-300.348
-308.230
-250.010
-260.698
-235.630
-232.584
-256.224
-298.492
-314.095
-242.210
-278.739
-293.566
-162.681
-122.034
-205.394
-110.498
-203.357
-183.104
-140.317
-189.113
-163.980
-171.859
-190.057
-212.158
-149.255
-131.372
-105.918
-108.146
-194.182
-214.927
-165.180
-137.890
-214.551
-204.556
-137.494
-117.119
-196.978
-214.954
-183.159
-123.821
-190.952
-199.320
-193.595
-166.701
-169.429
-185.583
-188.649
-155.312
-104.441
-203.541
-185.169
-112.333
-212.267
-151.422
-135.357
-176.525
-146.586
-130.340
-141.401
-112.798
-118.209
-151.139
-200.885
-117.994
-143.831
-190.176
-137.497
-174.778
-178.278
-58.891
-91.618
-78.427
-21.581
-61.263
-96.581
-75.670
-70.399
-6.272
-13.820
-99.132
-26.486
-4.623
-25.873
0.181
-84.400
-63.380
-59.887
-95.761
-46.205
-6.401
-12.468
-95.020
-96.507
-77.035
-36.777
-52.099
-28.359
-82.818
-97.469
-79.704
-94.176
-103.536
-52.685
-33.376
-50.849
-67.370
-23.745
1.898
-17.143
4.578
-91.669
-19.345
-45.660
4.571
-80.179
-18.596
-29.315
-28.901
-18.424
-0.947
-63.786
-86.490
-44.955
-51.723
0.276
-18.878
97.807
103.335
28.724
9.033
108.959
35.188
31.329
81.394
117.245
45.564
91.584
34.287
77.227
50.760
66.065
94.009
88.393
25.781
41.970
17.898
100.459
69.704
43.833
43.511
76.807
95.791
89.104
14.263
78.352
93.288
82.637
98.366
7.664
76.370
94.687
24.175
29.754
112.241
68.525
26.773
77.275
98.810
57.241
95.879
11.577
16.966
35.852
53.921
68.406
105.866
55.293
51.441
51.580
21.204
117.407
12.535
11.536
199.040
204.467
170.568
206.046
155.974
175.429
227.885
193.959
167.302
184.403
167.723
187.326
165.998
223.499
141.076
183.749
195.111
222.618
125.663
226.256
141.405
196.293
220.812
198.631
196.866
205.179
166.361
172.441
219.884
177.231
170.446
157.702
219.725
133.281
191.246
162.438
136.157
195.971
201.480
190.050
138.762
149.718
134.887
191.788
172.865
150.812
156.367
158.210
198.556
135.175
177.015
144.934
182.807
188.949
143.766
194.549
181.097
317.446
246.907
283.025
234.559
323.604
244.098
252.469
308.110
229.501
263.191
302.564
328.486
287.053
284.532
337.534
325.738
234.451
331.971
294.976
293.079
285.498
238.309
308.438
323.594
289.349
237.371
277.008
305.745
324.837
249.474
246.859
291.202
276.900
333.442
290.020
261.897
327.290
282.954
286.212
298.807
240.043
285.413
291.172
323.455
261.930
288.025
232.218
303.540
297.388
322.378
280.450
315.725
289.055
320.156
307.412
247.001
239.539
450.292
441.583
414.645
363.445
399.211
355.488
444.184
360.312
400.400
408.849
349.394
406.521
437.064
391.535
376.769
414.790
424.001
434.736
450.411
381.328
345.532
389.133
441.840
367.273
380.590
351.477
435.729
381.447
435.749
414.347
439.909
376.115
449.411
433.490
375.762
400.742
443.845
440.566
352.368
348.415
356.328
386.640
395.407
450.001
402.067
399.252
411.298
396.592
446.142
349.434
445.532
354.441
358.222
355.525
350.644
420.834
382.202
465.055
476.857
453.114
497.531
475.665
502.782
482.416
468.456
467.274
461.210
536.153
556.844
453.449
522.447
524.920
487.857
501.248
482.125
460.895
529.205
504.395
511.038
553.284
497.118
515.184
561.854
559.934
549.856
486.857
545.313
493.758
469.889
553.900
557.738
508.964
518.544
480.014
497.440
511.752
453.266
511.207
460.939
539.571
457.260
487.718
479.435
455.495
460.709
451.241
542.589
556.851
493.311
489.225
468.964
534.645
545.306
499.608
570.249
602.932
578.785
614.819
670.537
569.707
609.426
637.431
647.817
668.366
612.414
669.260
614.040
587.393
616.760
620.269
570.740
628.366
630.754
668.159
653.715
652.790
651.713
576.912
582.671
636.970
624.805
611.214
650.422
604.439
604.168
623.047
647.434
647.045
647.966
602.309
610.354
580.306
589.680
599.805
567.400
610.161
660.358
650.480
616.082
669.592
661.953
603.166
615.259
579.368
664.568
595.787
604.985
578.406
594.768
639.270
570.106
714.833
688.715
715.053
772.076
752.401
732.275
737.570
709.962
748.332
727.933
676.445
710.155
738.156
688.610
744.887
764.640
682.661
755.196
727.977
728.410
777.553
780.948
688.319
713.969
727.889
690.537
679.836
687.309
751.937
756.900
708.037
767.459
696.483
772.648
676.652
678.938
694.220
700.277
781.957
747.248
744.339
778.827
762.580
777.669
759.820
674.270
686.266
761.517
682.651
757.337
682.272
749.217
767.465
766.957
746.872
726.202
746.693
830.101
805.755
828.089
863.926
873.194
828.665
844.136
824.434
842.811
847.144
788.380
870.576
878.926
892.703
821.531
809.065
861.379
817.262
859.963
864.827
803.814
790.243
818.868
854.376
849.783
880.108
827.032
887.476
791.266
847.683
806.124
867.026
861.284
890.210
861.067
885.891
834.854
800.314
875.396
789.671
855.007
831.876
869.106
893.089
796.063
849.034
845.911
786.991
803.912
828.275
799.454
887.683
824.475
843.851
826.378
890.556
872.137
942.436
905.735
1000.709
959.279
924.333
958.750
990.597
995.709
992.091
970.329
959.319
911.165
952.876
898.340
952.649
976.627
933.411
929.157
987.372
912.629
960.888
917.314
970.061
979.343
925.613
899.902
943.859
972.599
942.825
968.561
931.369

